M1000 P10 K10
P: 229143.04162385702
K: 262488.95315356646
M1000 P100 K100
P: 1354292.2321558313
K: 1345961.456492537
M1000 P1000 K1000
P: 1.6184210090909276E7
K: 2.0248712040019136E7
M10000 P10 K10
P: 771572.9997860667
K: 731738.0115560422
